2.3983357
